ingress.intelmap.zoom=14
ingress.intelmap.lng=49.415160000000014
ingress.intelmap.lat=53.502328
ingress.intelmap.shflt=viz
__utmz=24037858.1484520825.1.1.utmcsr=(direct)|utmccn=(direct)|utmcmd=(none)
__utmc=24037858
__utmb=24037858.5.9.1484521007410
__utma=24037858.1509480016.1484520825.1484520825.1484520825.1
csrftoken=n05Drtniy5gdyXSVWQKBgQU8o8yTos9Z
SACSID=~AJKiYcHl-rfgtZ-HiEw_PfA31zd1NhMkaoRtASG0MGpVxxZJTgQm3ZG6h8k7FPVwnnOYS5c_STFMnta3U3hoy7-xNOOpBj2mciKjwvDrOIWgR4iZUXJiTxjX-UfvHD4M9huVKEuHeDPquL4L5rUZQATBSj68_jghT112BgLRkqjzMxZlmz_ePZhf8lbO2HXmFvYRPvVGMtShvZUXrMQ5J6Ya7wc8t74fwZ0jZu3-JS3VM2Usq7tv_0HrI3_rjYwkWzW58iXK2-yKqTGY7MGxPa1SRkN4UXtgnIhqj3XyaG9Fhrc6TZuHFLbc1UOSr_a0JGP_0K9gE0_P
__utmt=1
